9 # Total number of instructions
IN 21 9 # [(21 , 9)] insert key 21 with data 9.
IN 9 2 # [(9 , 2) , (21 , 9)]
IN 3 1 # [(3 , 1) , (9 , 2) , (21 , 9)]
IN 12 4 # [(3 , 1) , (9 , 2) , (12 , 4) , (21 , 9)]
IN 14 3 # [(3 , 1) , (9 , 2) , (12 , 4) , (14 , 3) , (21 , 9)]
IN 1 9 # [(1 , 9) , (3 , 1) , (9 , 2) , (12 , 4) , (14 , 3) , (21 , 9)]
IN 20 7 # [(1 , 9) , (3 , 1) , (9 , 2) , (12 , 4) , (14 , 3) , (20 , 7) , (21 , 9)]
IN 6 5 # [(1 , 9) , (3 , 1) , (6 , 5) , (9 , 2) , (12 , 4) , (14 , 3) , (20 , 7) , (21 , 9)]
RM 5 13 # RM operation where range is [5 , 13]
